0.908147854620045	0.0472495840152077
1.02574108808823	0.147671827883775
1.06247126542224	0.0166480712815988
0.967675867367625	0.0160422868811104
0.999079089854654	-0.0762325098973323
1.02760713741108	-0.0376343883073703
1.06817613891565	0.0585436470155874
1.00474580306111	0.180434901593043
0.993782976730543	0.0571429934867647
1.02037139513363	0.0899574513115507
1.12486974161975	0.210939268936478
0.928447349665125	0.0666026805648075
1.13297189032000	0.0754842811091664
1.09206655392105	-0.0489047043658532
0.997058338032065	0.0749033418928769
1.07536311568693	0.117477352666421
1.03897047990383	0.159244857259639
1.01326470047517	-0.0139033868251879
0.910559296155885	0.0195509000758248
0.997095006419774	0.162425732527965
0.931971749306125	-0.00411792439321833
0.862779518573674	-0.0373492023158718
1.06914279577382	0.0494634226522224
0.933090304438158	0.113664530015551
0.998069791523099	0.0644886325994596
0.960837644132866	0.0144016724645122
0.994043382607172	0.192059598303929
1.15949263277043	0.120400892832207
0.818395815803867	0.234554108205602
0.995391862277459	0.174691812712263
0.885115146366806	0.0597671843103597
0.981395294384634	0.0727579612999737
0.921448409157997	0.208122104189308
0.954518480172694	0.131129586013023
0.935879212344362	0.0155279699855894
0.931146246453083	0.0146518449164279
0.930535774676290	0.126575261767302
1.02198272814928	0.125656815239582
0.925434016288277	0.115111943238081
0.914237297367280	0.182450885307137
0.901445033015129	0.139468031699099
0.985864159136267	0.0736665905772625
0.908645120488472	0.0733657711109350
1.08408726058001	0.111280581162435
0.943447848429894	0.124825863447078
1.07967048772704	0.257281964122454
0.915269903977249	0.144231653908531
1.04553734080645	0.224827987062226
0.906593080351675	0.0469771233626752
0.922834960231845	0.158422764671991
1.09806267802974	0.208687024307248
1.04152762593278	0.275831603555183
1.05678581782597	0.181481263956562
0.923356395199320	0.0614207099863876
0.905187627066975	0.0937801022767737
1.06875450562252	0.0499206942526443
0.968599256266147	0.130162525961094
0.970828754484324	0.168943492667113
0.994980979436391	0.192526286088123
0.966606314873260	0.221945063476610
1.05027092196769	0.175726648092895
0.965768279115358	0.162471793664381
0.982966065228212	0.187799138963904
0.953764442511925	0.329196006420420
1.03850356048774	0.278697380325334
1.14408035248999	0.219721093338168
0.926340351456814	0.102216130990297
0.984141696376810	0.196425853977708
0.935831464799306	0.141763342114754
0.881273860550273	0.145979415865556
0.958571269178323	0.106057079620513
0.971927772371600	0.218050698959786
0.966874109248088	0.246154681447775
0.896443456959730	0.346864922530484
1.01262445970914	0.0530186660847904
1.02753681399624	0.204333857470740
0.963562181457576	0.261898915053790
1.04557170672304	0.302329824692918
1.00226325662989	0.230905870660345
1.06936282106225	0.345464737815463
1.02182962179618	0.270778508174331
0.948386225594864	0.413590597176411
0.954086684737781	0.328480223071242
1.01714617710330	0.172725536031804
0.971928916560335	0.308773632529238
0.938057375736763	0.297999126072567
1.01366763490793	0.378692196029701
1.04976709800660	0.274172603470192
0.903826123936992	0.226113729757502
1.00845828550138	0.246565869979778
0.962200674073787	0.316293025803020
0.944278047325318	0.223898067188478
0.949346555494622	0.311685456391971
0.883946866086217	0.191696914051434
0.809360811679055	0.204506934585702
0.955122667593201	0.393744139448685
0.975064247521144	0.318007974315389
0.863986780201825	0.355942058562897
1.05906430729692	0.220099321492461
1.10078990436678	0.356980242968559
1.02530684059204	0.231571848512192
0.931760189052547	0.239776299906068
0.855507015722638	0.381730639719814
0.915503378731794	0.314519168877662
0.971116229309698	0.327214329692142
0.974785990690421	0.362017035091863
0.967269963932963	0.378211978681452
1.01522016645162	0.306027217790821
0.972117978355282	0.356739760403400
0.922336060393011	0.319308156639445
1.04366924596040	0.279691364768044
0.935743891894560	0.355588234561210
0.949730071355994	0.248566691189341
0.933685814699749	0.287137303562800
0.851186210815660	0.309863991362012
0.979138005654251	0.210332175743782
0.965069725849042	0.346994870772631
0.924462045985874	0.332384754071595
1.02714793025425	0.443017689216974
0.867458575753989	0.265525011790557
0.999331653431226	0.486126887748093
0.968519332225390	0.471833548357533
0.880887324927499	0.339506388827150
1.03301222290052	0.221929871555506
1.05758076738383	0.358475658905280
0.792681733654644	0.427357931318099
0.904834474411593	0.320054389879316
0.892312323488570	0.339190104374156
0.934047895654617	0.423835411935198
0.830256271381531	0.389273889327151
1.01410446041574	0.398238469097289
0.912493372994738	0.497554409137690
0.998980528475565	0.406761430145007
0.864767634665378	0.386538547658408
0.900183987680804	0.336325162170167
0.892021050531268	0.554046567423643
0.854883350479922	0.392392888578664
0.914653578209938	0.429225571030078
0.986867994745032	0.316981338368736
0.890487540280196	0.569009347878789
0.907148650295888	0.422996337854099
0.890209284368392	0.425886205841567
0.779610665355629	0.439383808166684
0.886207458463921	0.394326848417921
0.776205378584840	0.415952515552576
0.834817912762890	0.435689607294897
0.814942523057176	0.495222948424330
0.935968820634780	0.348468432599865
0.921144180322093	0.454522993190565
0.907544335217460	0.501311958426524
0.847204127964287	0.552810797692450
0.803696326717575	0.453598937034095
0.946600888228393	0.420654983366607
0.914749385975594	0.451482708821872
0.886494347319432	0.423127824165164
0.806799684313645	0.441045753498927
0.803349335792226	0.637966920939770
0.935650137231078	0.335030521956933
1.09232438938450	0.627335532216659
1.04356535566227	0.451753042904964
0.903239703709956	0.354375240406432
0.840141770479469	0.478240490807089
0.912784895065903	0.459933250365140
0.807895650446383	0.538563547240879
0.773474208098352	0.454560054043531
0.981905041724031	0.513939214144401
0.950900232731539	0.438112923028752
0.966739052808330	0.534363585130714
0.754902116801369	0.615332464576210
0.837709245471210	0.404388061643965
0.815152897170429	0.576635450332052
0.903905635748135	0.421878074453027
0.884899703704473	0.525889302977295
0.762275007877204	0.416604454608889
0.716951253439756	0.391248824268187
0.825791583605468	0.520854196434783
0.793950299263818	0.448851560536040
0.884322086048063	0.556413552645075
0.998349816464594	0.589934072011733
0.991998518873780	0.520121929231158
0.857474492305132	0.399345324293294
0.798070696308345	0.570505370225481
0.997807666716846	0.587268529251159
0.834474480137483	0.497741534785183
0.846429946537270	0.452390368719877
0.746532627579018	0.570732275181667
0.800147690148777	0.515402140758595
0.847654458876659	0.463498333482970
0.820298551033841	0.551643051147374
0.901823242312032	0.546000131829424
0.822296747980745	0.566644643782941
0.729020573833775	0.623198398460077
0.755605164347396	0.520305720811956
0.826887462922664	0.454271878353667
0.909540148970906	0.473857428296816
0.840257174196326	0.614507368143261
0.830580523854372	0.543141030668976
0.819702086765235	0.497146466234354
0.830309682497795	0.570283273740530
1.00454714319663	0.694186328306749
0.797148226000432	0.679926153598667
0.901981460783678	0.511861697585454
0.812400109943425	0.578431069471705
0.799135519458235	0.573012719675003
0.718390291657720	0.433561715459213
0.756458019308135	0.616225161975926
0.858431827814265	0.681943471782228
0.910625327666591	0.542939762135910
0.889434268339174	0.712297440652648
0.848232569047114	0.670102496994702
0.777172749228508	0.617596233876801
0.802683842374717	0.552300405942630
0.875958099604707	0.717226591326976
0.805627944938214	0.591770458627058
0.736950480581955	0.565319521205631
0.896971346771819	0.664516294892747
0.853677297051242	0.714794816559445
0.794014272892512	0.533449369826574
0.816824954044449	0.730368644758212
0.751049550151861	0.616827793358582
0.738599456861525	0.613050818238523
0.917266950145544	0.805773414708644
0.766871733417839	0.622805181354132
0.751907448202726	0.680711232104261
0.802046917980898	0.593314207669028
0.734086436455920	0.711632190467598
0.897871506586814	0.593378628175675
0.773039767251879	0.660022754982193
0.653249632162640	0.694807881790999
0.793273219552084	0.642108092017670
0.848091520266563	0.718601976987135
0.798737932071852	0.693348056549533
0.806803859956417	0.715576820424267
0.693715127858903	0.585462772593170
0.699299180727906	0.867412931795528
0.660162431340302	0.755222663439241
0.751882160293407	0.610667904760213
0.767118493636034	0.667503014367248
0.762966442072864	0.649355894097156
0.923623091810641	0.732045822206056
0.701769760085581	0.613833333410710
0.629591089785879	0.778565536283070
0.714727530348081	0.758664852478308
0.702249554462479	0.683664282104613
0.691295294851324	0.695047350530006
0.819015838407862	0.758163320320900
0.620384102353442	0.763182424755080
0.718243767796924	0.731726296751815
0.830951333796798	0.702728670403613
0.728174520649168	0.674075289206732
0.603408964496390	0.737810854935902
0.650127046699450	0.670698735923758
0.805407936128816	0.771802553947013
0.704548631159346	0.862928126996461
0.798996792761714	0.615210102310888
0.620656912635780	0.806045532962978
0.684025243352740	0.830236022981503
0.688391827594556	0.733349796017753
0.707173212166067	0.718926821272279
0.706712944238575	0.757018840916504
0.796620860425949	0.758011007879269
0.633290782153116	0.659608028743889
0.601721551915602	0.819495186047805
0.591673843122729	0.732086195540554
0.720254709642169	0.866243296305120
0.616994868565146	0.666829155402107
0.693956785130475	0.668024402353740
0.719914202526368	0.692751690304160
0.667380547704976	0.717301260968534
0.788852573657918	0.779583046212534
0.595780455840854	0.588483352114027
0.688532838560854	0.767028349199092
0.653216771697797	0.789533833550883
0.620478976983772	0.731536783086239
0.755116842329012	0.697161770561199
0.773552842066945	0.700745618787833
0.578904668598843	0.781329931502856
0.693487813696381	0.772090173812866
0.629793558185251	0.661511142091331
0.527551501172029	0.657816008203073
0.603903312557946	0.709890963156330
0.651694862238429	0.706239558618777
0.558639419956398	0.914400928503627
0.774708354307027	0.762333537075425
0.555557604998704	0.819038050933046
0.685168143339674	0.887007683455265
0.570639064561250	0.863966077295179
0.611842379243551	0.814045629362247
0.493712081416116	0.973552077678388
0.530869432781201	0.888091302185124
0.617578638290841	0.806852414082732
0.620056095464792	0.932135807420691
0.704678727741686	0.764154651785370
0.637447935324370	0.848111567273136
0.565807131336509	0.849883382034481
0.654070032340326	0.740351136981924
0.526712344485996	0.786547769635205
0.611999124740209	0.839640353742500
0.536218017721947	0.914981913546250
0.624420055916243	0.823847182189275
0.473371886109245	0.869521151331239
0.629968536852872	0.913578838796783
0.532509019140792	0.614253402885849
0.677710250479238	0.775628321392375
0.482001623947192	0.876973937701089
0.527116465698836	0.782125237254780
0.594769454074024	0.986347661559305
0.598617372959376	0.900354249357942
0.482154937147591	0.750334481982716
0.431420363683460	0.801873569834680
0.585674105304909	0.939986461934842
0.613363226365634	0.764609308519661
0.562934488776231	0.820511476244275
0.587408455832823	0.734147550566555
0.600234495737552	0.856006583649014
0.476717522416972	0.842945326363850
0.469825753922761	0.796985415110838
0.432477599696877	0.844429174928178
0.498516038621923	0.797864600677189
0.500731625719981	0.969456635950709
0.456871992460412	0.971851331398039
0.458118778895035	0.921086607580033
0.542191046449604	1.00762899312413
0.572748094153038	0.827341503911327
0.644682676260230	0.707407849582435
0.546859016368741	0.924399289100601
0.503252429092775	0.834982400996822
0.483103158529860	0.807397624471322
0.469414109303529	0.773698893898974
0.452549212263968	0.847495607221135
0.533060235027693	0.878806013474173
0.578813092973943	0.936672714000239
0.521241886307131	0.799055452189919
0.626286576517488	0.816262171236404
0.424393795102517	0.711832689047158
0.424860520794761	0.969145777894982
0.405984146796075	0.863608168313261
0.503425470425017	0.867244641736122
0.501393644704451	0.926410890505916
0.464457039827837	0.856753332717275
0.446092896300691	0.911933026833044
0.569112185522766	0.900136457511861
0.424711497994874	0.771285373156907
0.532187945712471	0.815571022375847
0.612445717070519	0.890556996601466
0.378498086030839	1.02661454641396
0.490914318798766	0.901249847488351
0.464584201664302	0.734522111573149
0.364163923663331	0.946555676526000
0.533990973998002	0.912068642551572
0.527852940127543	0.997087428282492
0.533932420928799	0.964877317956297
0.313145506909666	0.959758291978031
0.491727336279715	0.882242656000856
0.422680294615325	1.06392467799408
0.298282672479590	0.923031206816599
0.472251537439605	0.846972296576032
0.388625607319381	0.933542247087149
0.374271800465129	0.929715637384288
0.341712710471441	0.904022168489381
0.428713236496507	0.847327206731006
0.406256601736294	0.841645665894786
0.284981340884412	0.998568554818647
0.424151747335410	0.957109174877300
0.444207445473426	0.914221401821565
0.443551334655271	0.945404748062915
0.402966656772509	0.881918909736306
0.386017571592761	0.765984527509569
0.394385698045703	0.962969632552106
0.296089750779349	0.864716295148758
0.541701792085400	0.910798683100791
0.459998897609989	0.887269356428323
0.358125430127728	0.917734646432860
0.479188877137584	0.832475051185956
0.297609328114931	0.998188644111460
0.525340387417844	0.934417483035467
0.212459426790765	0.880745438623906
0.416902057682022	0.961238967719050
0.300593372649115	0.834082740662288
0.233464811291213	0.900631714965955
0.322774390192521	0.951431743587036
0.518848783638185	0.884921682466369
0.424086399094917	0.876233717180243
0.366869637625321	0.923797715141455
0.319812979422190	0.835257906584270
0.369158995057175	0.930712157555420
0.255121222936496	0.994240028563210
0.421524585651206	0.902856569749313
0.348453360871531	0.898402484093949
0.234834570510064	0.933400992440847
0.339248792087394	1.00882941219121
0.334899154141423	1.04680654200329
0.317371806031036	0.928329966294019
0.359312937206733	0.826066029428362
0.306181278362957	1.02645177697304
0.287097361269555	0.889217315356212
0.248573459524552	0.920057966569979
0.253593721580901	1.06073452869754
0.277690640003266	0.914328954094733
0.259852056531139	1.10023961240253
0.389499995343484	0.993631051640930
0.299853449949215	0.914287731306530
0.294516858455900	0.873395516238105
0.325500172732504	0.889965568379755
0.320236833103534	0.958672549932904
0.279778968366369	0.935482560475267
0.349102220460144	0.903861382921320
0.353926946569164	1.10362069048837
0.338857356541444	0.820317921150218
0.130052660628213	0.959751302014212
0.222962465175990	1.08587215900974
0.379887248528234	1.02044800732488
0.266614646081890	0.927708518124609
0.191030774498108	0.940381277766110
0.236932002096872	1.23865564075609
0.236972947806490	1.07386878869530
0.264777285591153	0.907243664106981
0.360548943247284	1.02433609544532
0.0939589250956330	1.02342106925441
0.322598378125477	0.917579533456877
0.293237512828174	1.01325006329945
0.188524490334899	0.885007674122882
0.202162920431967	0.949825253723391
0.300564786861566	0.896187243734427
0.253886713713099	0.882281671505811
0.276885504154175	0.987213487005642
0.229358542865631	0.877069632293079
0.0758070809589978	0.902524961097677
0.313232469031084	0.995943065252346
0.223356682318184	1.04067706193726
0.143293251094736	1.01614322207822
0.200337497209745	1.01360494018155
0.282232407806133	0.968229775676632
0.262321130156300	0.993590133586899
0.288283603888590	0.954289101288212
0.230207240547148	0.836269683042759
0.213266256920065	0.990190617827839
0.0331970180276480	1.00611696126358
0.176679819685321	1.06277514155741
0.186846194144473	1.07245677037627
0.152506870286255	0.983144070315720
0.0914357789960047	1.09379002431796
0.287107371095870	0.949399937834736
0.194348606300614	1.01033230438706
0.184676224329168	0.915220355629223
0.121662058744266	0.981276747333281
0.199995370650139	1.04712841928889
0.210441912645444	1.04386332430319
0.0788152038306590	0.889089416388176
0.101184729758822	0.934963653311700
0.126971250813510	0.981890860291145
0.191853009490569	0.874690792414365
0.154879904737383	0.897647605455098
0.159611279843999	0.954007211555391
0.184784935183597	1.02588197375789
0.0345411861971806	0.918014879424234
0.0459485110526325	0.962720512677125
0.0672054304633401	0.972109564897502
0.174247002402338	1.08802710064135
0.111518168054176	0.958095033831253
0.0428296416291927	1.22840794397774
0.0548981606812560	1.07411392843772
0.129807477776978	0.996877538081372
0.213275805236740	1.05370961679294
0.132862100178214	0.981935846705199
0.0275583216284774	1.07430955116340
0.0545495048865396	1.04330090600768
0.100166899968807	1.09640286215406
0.0467440638681326	0.991075090964638
0.0573383703287203	0.987531843730203
0.106780948102896	1.02240188614499
0.0888175700656499	1.02626031086424
0.127834018038768	1.03899559633156
0.217439336189699	1.08625056383540
0.192736710769895	0.972151306045965
0.106815657096102	0.949888557618069
0.130194816851415	1.06266843198101
0.202862559732101	0.998143742259838
0.110487243066935	1.12140823986571
0.0472210735548750	0.950514789741840
0.0181723050869700	1.03964028923819
0.0597776422617118	0.995824250769400
0.0942326140580269	1.00442092809885
-0.00284461634362736	0.908293277537704
-0.0334325424183680	1.05535701882179
0.0732313045509292	1.05376986966584
0.165412522465430	1.12691902421609
0.0555984050704832	1.04622337626012
-0.0177156080818612	0.992957388345108
0.00615538746974626	1.12302546236454
0.0293593033145943	1.19543251212273
0.126760375354353	0.951821010686703
0.0650438218625931	0.936460045318702
0.106078031979964	0.906995525274446
0.0779197107776295	1.01078229128209
-0.0376507403081901	1.01693781143015
-0.117158157679383	0.997897258933245
-0.0634900867062116	1.04994036764392
0.0739271400968110	0.866014675880456
0.0298038702243474	1.10208947844819
-0.00703606779252855	0.841255839259038
0.0438247862319266	0.944042418662869
-0.0815192026422515	1.02384361611386
0.0186849585402828	1.00610042092138
0.0226437619732855	0.837179438395842
-0.0452826643161145	1.08909225623475
-0.111125213729826	0.921906571133564
-0.0215974515925333	1.08765368874662
-0.0245115032550110	0.982514369387265
0.0972318972862318	1.04228228911262
-0.109337526335420	0.988739038739003
0.0655754251944755	0.960323303332157
-0.192492016310315	1.06968224057942
0.0357345585472403	0.998712032468048
-0.00486169126750087	1.01256205902746
0.0737295130095033	1.02007061431968
-0.163573337630353	0.964558112739774
-0.0949990046316095	0.970536477006865
-0.103478246208687	0.956237296905474
-0.173392771176342	1.08302100299730
-0.114658943396123	1.12939284969949
-0.0404329601015311	0.970957159697833
-0.00986993181326642	1.13019912261447
-0.0521706791990984	0.925883443530202
-0.0472420339362819	0.979205972770743
0.0209792987873633	0.885102050466265
-0.132889986939442	0.986856133350031
-0.0802706723246514	1.14587844733366
-0.0800995951042428	0.974649962814275
-0.00335486287379597	0.963713913145503
-0.105614015608936	1.03438197049808
-0.0604881625850298	0.869523830728625
-0.125999137296397	1.01240362964685
-0.0243603905621694	1.01045943392544
-0.0408151962868226	0.912173412223778
-0.0685112241144683	0.898238402354638
-0.127484970889748	0.997706996376914
-0.213562478926914	0.960802624454734
-0.0916699461987157	1.00563481446450
-0.0649749956175903	1.04681154631601
-0.143892072401786	0.957598298275373
-0.183025118491586	1.00664806281660
-0.234186551839173	0.984819917151960
-0.144476522203992	1.08448258649473
-0.0681858187599716	1.02969022314058
-0.156461855487360	0.987234770395183
-0.133874287303168	1.01175117143120
-0.0600534479007148	0.954852862312270
-0.0367144078463820	1.04135848306023
-0.195606255129732	0.884363826632404
-0.139470929970267	1.09502422694207
-0.284031371934763	1.00139379973903
-0.0909723605262532	1.01786506654565
-0.217353216301549	0.894157869608713
-0.130193473952342	0.946238984133328
-0.201271517568938	0.837585470624421
-0.230533252901914	0.997942088642355
-0.122027431617187	0.993990673288387
-0.145689189284994	0.989367807645580
-0.244231084125844	1.02773707779096
-0.203126745113822	0.904069375292850
-0.178004028948390	1.05084935728672
-0.112104661931928	1.05441362423469
-0.325808548732465	0.939065624729432
-0.190431413193684	1.03167091543333
-0.164624638188545	0.929869425477428
-0.253198873259408	1.09185889978917
-0.123359960614102	1.07468816016702
-0.202655970941502	0.958484177728001
-0.140681220983963	0.981387742322570
-0.195815728889988	1.05609345104203
-0.258168212638301	0.929902591984517
-0.241938162623846	0.847716597285857
-0.266236405236614	1.00541148241656
-0.177070829935706	0.920329337487535
-0.188782647408450	0.935399818981489
-0.110182523665532	1.02964592639701
-0.234038238511609	1.14117116777394
-0.215901734167629	0.974655210544811
-0.227377631876006	1.02145193750607
-0.217940565041244	0.953258668686817
-0.291839128215713	1.06571778379831
-0.257824793826910	0.895147675715252
-0.227667295314048	0.965691961222244
-0.156749229626542	0.995134219310057
-0.371106554443525	0.903863400861690
-0.155459530407528	1.00419151765389
-0.282081848006408	0.968758459447665
-0.255124672343440	0.960185810045294
-0.249693391755554	0.938243993029675
-0.175317043057805	0.948213631689712
-0.311184655353267	1.02559588178648
-0.377208269441466	0.970573483245219
-0.253036414387788	1.04382219406029
-0.300058657781986	1.02920355018295
-0.273154798465029	0.970152192212141
-0.368414622570658	0.977036913085677
-0.446676976292107	0.800493428927676
-0.212169027221383	0.826284328305634
-0.342062948908657	1.14805856806029
-0.315670136166477	0.936769199111261
-0.301775692747358	0.905161399615115
-0.318258743048033	0.897956657854407
-0.238095940421318	0.930792602702518
-0.240018092252936	0.934898212925165
-0.456276870687406	0.810449140863238
-0.384703609434995	0.961905323514348
-0.319122611993586	0.900602643348371
-0.320752883155869	0.985767773147385
-0.439871575011377	0.966151953112750
-0.400367586411345	0.963208088901278
-0.269977082436807	1.05303617562185
-0.334871057797485	0.909569809919922
-0.328730301513101	0.853757174667937
-0.285018458803486	1.03413538634925
-0.368396751062080	0.827608360807114
-0.384672188524867	0.992495082949658
-0.387430427100139	0.942587352667578
-0.327127935834703	0.952807331419157
-0.277187233429600	0.907047550122344
-0.315558718296693	0.928552232384777
-0.447466144231608	0.895978522368075
-0.224750419094711	0.925003656214448
-0.409990641099725	0.866566224027397
-0.185315630434076	0.925732723541563
-0.279634184513147	1.07965910718564
-0.438723583662731	0.959023846177269
-0.468334337026473	0.888108134796111
-0.372702137085665	0.898944115271563
-0.280854960747049	0.874398583721952
-0.339357969818182	0.891978692855538
-0.458589949828607	0.957059806977576
-0.478445548927319	0.865131676209593
-0.460421667044595	1.00135767324295
-0.443544839943709	0.922951893441550
-0.435848032445984	1.01576628605492
-0.308316958802604	0.846317076053564
-0.452399034421233	0.891451058763725
-0.348527304567271	0.952898496534963
-0.445486234191485	0.929735923701286
-0.436351660531924	0.779087305419212
-0.245671686191238	0.932411032593534
-0.379578840769785	0.863161298583265
-0.408240573566070	0.892530399905523
-0.535974550775816	0.944788537346917
-0.391127331680057	0.984475193839161
-0.602982902232368	0.965199105312908
-0.447820670478707	0.880451697491419
-0.492907583129121	0.818843701181791
-0.480289962557755	0.875159081520514
-0.386876253874131	0.894501655895482
-0.392850429674250	1.01230045764476
-0.445385477770884	0.794438679088917
-0.427566295053330	0.846153140654124
-0.378391126854622	0.898391631937108
-0.547277620271538	0.909669520325932
-0.404280763820762	0.894616977040850
-0.375988841397234	0.743690208098297
-0.513642246414092	0.860037108458573
-0.398978878684495	0.925766801890784
-0.457601399795198	0.831708873992424
-0.413525866386314	0.776697024414598
-0.480218800940951	1.01804043720390
-0.473796427542457	0.847317539687103
-0.529502198974358	0.901105565020413
-0.465764959012516	0.834939276220318
-0.477609477059572	0.874225199281861
-0.603184735128157	0.988319999655248
-0.509175878523951	0.863174719635746
-0.576854953925353	0.802787657604008
-0.474765786438913	0.940374415300587
-0.578549723616041	0.896553010466370
-0.568788910641417	0.766401011946747
-0.515003234030154	0.881445145552854
-0.773044300791394	0.886389354537670
-0.515070350641108	0.819071120328119
-0.595787115546369	0.888039278195565
-0.522937683167743	0.769004400917501
-0.485642748471415	0.852022345277025
-0.561712106738260	0.787303112735775
-0.486273124889411	0.834096829379483
-0.415453812669607	0.808353022257031
-0.589926939801251	0.942827694075089
-0.587584160652547	0.737776514929732
-0.547872742442063	0.815526422304982
-0.593677123275661	0.899092244158634
-0.555282082598478	0.726959778805083
-0.513750644203550	0.817734664953485
-0.511528021812863	0.885648321055143
-0.561690348352445	0.727270506671083
-0.564056210946960	0.959225501927392
-0.553100253823114	0.894592871106439
-0.599553983448790	0.776073604940742
-0.518986496844051	0.808468439888909
-0.619487177673027	0.844834248687320
-0.616685388634081	0.769406985776795
-0.589717517107817	0.810371514934271
-0.559213503256672	0.860441500866938
-0.513949781619263	0.751718867692103
-0.417139412211805	0.868908290991202
-0.621257896265269	0.858471485882294
-0.522540450897505	0.874193694662880
-0.562882783199442	0.742762458650388
-0.659211465892241	0.861680497263624
-0.701936858810743	0.740206639750986
-0.591960836932283	0.871195808473550
-0.671698332948936	0.916614889951870
-0.683747884702932	0.808293157900308
-0.596387583467718	0.837378408999365
-0.497114703346465	0.661269757606844
-0.629082517218717	0.693670019849917
-0.651621352458923	0.777198270685505
-0.566945013441705	0.873658338701611
-0.668565865611640	0.719273424099962
-0.636074866002065	0.769567725830748
-0.607235236530727	0.674000147404636
-0.754295202743301	0.739390901167534
-0.626899432951117	0.750289943050167
-0.500495104205753	0.873067367853081
-0.574079405103817	0.789250650073437
-0.569194797448056	0.881874046711948
-0.500129038381114	0.838732527023736
-0.659354239622156	0.758490761913803
-0.722143326723323	0.766735288552954
-0.728525246227408	0.782735958924636
-0.783435182795744	0.818928609990454
-0.692539555615145	0.833074200232826
-0.578510345608695	0.837498277600804
-0.817568950538574	0.829957906105623
-0.701188762282474	0.789183152635750
-0.537155596373081	0.707205180809174
-0.539697494676433	0.741270816782846
-0.721709408427311	0.773022335854506
-0.737974708496643	0.690646586150801
-0.638855551205533	0.678409825503248
-0.609875823330565	0.743890652925290
-0.663945597245349	0.748936924799936
-0.679394351079724	0.715026351098305
-0.795659634599085	0.765520462723195
-0.735774021165444	0.665346510581004
-0.793397414735396	0.613962321613171
-0.811870154603782	0.754523792235846
-0.730774400778421	0.715788019838173
-0.679384145905771	0.676107968217205
-0.727152525622844	0.777712775164951
-0.777914116031852	0.601487621132418
-0.586572786618675	0.744903026384092
-0.612540313123722	0.873017272192480
-0.754688667702452	0.756061167877213
-0.602533866444621	0.584412945529896
-0.586450121624660	0.740472744779409
-0.799527326201151	0.741548463861230
-0.803327120921003	0.626932617198787
-0.603349269349362	0.775861166085502
-0.716974088225684	0.657898972435913
-0.759533083319348	0.654416031037387
-0.700009988164181	0.710410287686444
-0.738677505205474	0.749716076132621
-0.783484138517709	0.634223561439348
-0.769214982885253	0.627744679277883
-0.633985842037943	0.644505048696627
-0.656145320215015	0.652381752588880
-0.753429549458621	0.697035181309953
-0.734951841511385	0.650956102604483
-0.893381427204518	0.495874113321037
-0.705631015109140	0.640420561127247
-0.818605610003614	0.664742872389228
-0.703251554351149	0.614598149903785
-0.683692630957545	0.720734945150808
-0.695921688689355	0.621122996627791
-0.688223080403226	0.768892077383642
-0.744639324245948	0.679798302682956
-0.844642867490928	0.747103337738550
-0.650976927960911	0.714623428284650
-0.692419333580487	0.830440317399999
-0.745090946950049	0.709018922339929
-0.632069879503945	0.639877848919870
-0.784763307167854	0.590595239044398
-0.674321279916129	0.677567333384734
-0.739172662839417	0.682570667931980
-0.795368667116551	0.610378587271461
-0.796595302528452	0.756817556766597
-0.720792263554676	0.700824671177272
-0.811212892828465	0.709064749870853
-0.717513880937568	0.518859872035131
-0.758653920780156	0.628578205381639
-0.593018702837508	0.542873415869255
-0.845463936933616	0.756922258196739
-0.768181600706426	0.632969477060124
-0.855128748513812	0.565886222515868
-0.754708741640046	0.667797239429140
-0.950232730059307	0.538962088508929
-0.771276267968632	0.628882372095114
-0.747589070395623	0.636010438126401
-0.857242320969032	0.671296368308059
-0.779186682436755	0.710301621939607
-0.832380615739718	0.682751454847345
-0.785184976150184	0.545093031802844
-0.830569296591749	0.477602736230923
-0.889817189324016	0.636743120164807
-0.873053194189072	0.597444189311028
-0.751713887426744	0.552920497088405
-0.830223863830342	0.514759697653615
-0.786570811014943	0.601630704479817
-0.783036343512201	0.708677936783995
-0.692254283835024	0.597425065416044
-0.892967373600102	0.603517472833823
-0.912105628945627	0.579336146648127
-0.828897091605078	0.566587568505392
-0.958417223488988	0.542195833451919
-0.786574798557263	0.569071126360649
-0.668054414926793	0.566231843122597
-0.727908667800559	0.532040550159704
-0.985358857202362	0.645870568630215
-0.866010917640157	0.655937139379545
-0.793064187512707	0.534241895128083
-0.870706799911772	0.456427914567882
-0.959910742328496	0.546834582846772
-0.885385870454492	0.675527820595336
-0.813973159498896	0.473474088399461
-0.917442918299523	0.668960478142013
-0.818344623065189	0.608286821242806
-0.890507309783028	0.577540647471265
-0.735514470685079	0.515204811026751
-0.793068157606207	0.466382369350976
-0.878988708814421	0.638143099876134
-0.745459076002195	0.489188264410381
-0.746218231834371	0.427386291374613
-0.836377724659681	0.631815856911416
-0.880299620425415	0.294994128581167
-0.938479724047344	0.565258987501139
-0.814864579520363	0.436716548728733
-0.721546235595421	0.451082342651899
-0.846668928191904	0.491195836010572
-0.754833190573218	0.557151463256468
-0.689840406712113	0.534318486816274
-1.00786402537178	0.462721213212475
-0.927280376195465	0.510974866538680
-0.760520435148137	0.532883161866856
-0.895851979137421	0.429187783655173
-0.770617584114671	0.539514612131759
-0.947963727791102	0.348751320822775
-0.887036266828633	0.593139881087007
-0.983179793284612	0.453161356979338
-0.894880947487627	0.492952320340431
-0.871037299335910	0.438909186695125
-0.890494786653802	0.455489664101990
-0.971766577982293	0.312780846298534
-0.854966384000890	0.357753295310015
-0.811597855281666	0.488426559476594
-0.952974125763497	0.417375838403930
-0.956929792608686	0.485025219841691
-0.886703152366694	0.420206313137856
-1.11085339096590	0.332248462373590
-0.997561632118926	0.448583173450553
-0.819235414811263	0.481120255638562
-0.904281579804460	0.444121220305055
-0.897647027444340	0.322308383078800
-0.944437975773570	0.335116010038543
-0.925855020511279	0.428687994407362
-0.837977480427320	0.442105067464745
-0.940843820019044	0.517209582245479
-0.893652674174164	0.378412565868975
-0.924775276252913	0.471505732261359
-0.870241102351492	0.445787107238334
-0.898009795875306	0.482873337212391
-0.974344776569323	0.398371064772137
-0.880602891126650	0.295331485895630
-1.01115674549897	0.474060647896703
-0.895400025424364	0.515332147160896
-0.991671982676556	0.461794643018663
-0.918861909144702	0.317229579883042
-0.866842598904660	0.330848077950975
-0.811990231082275	0.381153409819794
-0.881932500278883	0.355730197174135
-0.929232374200155	0.306086206898974
-1.01574869164764	0.453804823050051
-1.03660374427812	0.327589869431547
-0.972541096302294	0.433486869533654
-1.00095395826167	0.338390984109968
-0.886363420971869	0.350774433817287
-0.958406391431677	0.348016597148428
-0.904720349302481	0.321582422546235
-1.08475401024014	0.323045285047435
-0.844044169123580	0.308297266277345
-0.923621149180669	0.201152478480219
-0.928968758266880	0.364979013868903
-0.986770349094901	0.338799661876355
-0.868407568941876	0.234635410376876
-0.936349823052361	0.265222935116309
-1.04512303118345	0.315181053071974
-1.01467353633429	0.298365418957585
-1.07985649287307	0.414383329499393
-0.880227411392088	0.373194671702401
-0.911583188230055	0.256281465381564
-0.945700176352074	0.156337862460416
-1.03539222754856	0.271371220829414
-0.835628009864289	0.381040003451859
-0.918894385661564	0.335190156093972
-0.885857832835552	0.330876011316206
-0.884818329515675	0.412107367139565
-0.857695142907398	0.360020473120722
-0.901999850394472	0.289768385082409
-0.859313776765427	0.254575373722198
-0.952694797896806	0.235633885718191
-0.912675385658968	0.281382271265284
-0.930909270917821	0.342251405847821
-1.01488175350211	0.273343661371189
-0.998570075239321	0.318885938689803
-0.787915501545519	0.105785793026163
-0.984161156870819	0.233476913223172
-0.868735198265291	0.316871867609323
-0.841662762013408	0.207642805840950
-1.01635044754872	0.296951989157395
-0.875980819975719	0.265486277039786
-1.00884654208971	0.236129533104341
-0.876361259545373	0.300621373461065
-0.900656690432128	0.245975743558389
-0.943661126868216	0.260528185140056
-1.02769326077289	0.335122297816967
-0.934934514491499	0.186828959073520
-1.00665666738833	0.230820234845765
-1.01502906467853	0.272672691064965
-1.12491319148014	0.278124261652207
-0.909037445967030	0.380161485858312
-0.972256674396840	0.230993947357414
-1.04120187763570	0.306265109724443
-0.944449372856627	0.233955712019012
-0.986211454792020	0.331072158390717
-1.11205318826123	0.180684667920261
-0.930962681501900	0.178521311062773
-0.928229414334388	0.319696598389207
-0.990455889593851	0.159612235921897
-1.01259441022972	0.103869355145334
-0.833977550713986	0.294175266659478
-0.961485037268372	0.163933523313509
-0.965426786256744	0.189475695021403
-1.01304315072248	0.148138528145977
-0.975960765997872	0.221002168228727
-0.924392985134548	0.144012809957722
-1.03804027044267	0.175249734963819
-1.00543829783656	0.239404828636408
-1.01555511772925	0.132343645802822
-0.961093223668394	0.209890530598215
-0.968714785156319	0.190555577410722
-0.924199360006491	0.244321316321313
-1.02949981325383	0.0144528412181313
-1.01009135486578	0.250479199339961
-1.13433762152578	0.234448751617521
-0.965274876300395	0.0440837431747750
-1.04996537050332	0.216281555195573
-0.902211682716746	0.0963708792521008
-0.861325838600594	0.0800202145647811
-0.898725183889272	0.0467064906350760
-1.03849166925364	0.151450834912507
-0.948167148506873	0.196568734705639
-1.03795149072206	0.197021287888249
-0.882679755468019	0.0191240137556277
-1.00039291524068	0.0785593172699857
-0.994964522158628	0.115049559396492
-0.998754291824835	0.0958187313857443
-1.09762671502142	0.100049485139425
-1.07934078353470	0.0520672467468804
-1.20478501152092	0.0379928126962231
-0.899335562794066	0.0919481429000230
-1.02467538874811	0.168364605452747
-1.10157756624956	0.137932672877988
-1.05444851071251	0.234029641084058
-0.913119398470503	0.0941738005261447
-1.01000226521593	0.00934414029741430
-1.02006977130030	0.118648928089413
-0.922346944029523	0.0201248881069111
-1.02892597522049	0.155348885422890
-0.953674548991476	0.0360660629444055
-0.968513971920094	0.0909861650976432
-1.14586898832772	0.0441001668541824
-0.948191084062106	0.189680482620398
-0.944884894949057	0.119935810317599
-1.01263738057298	0.0952842082088395
-0.943941769196285	0.180759699666776
-0.859908953906738	0.140130991474080
-1.02848606712817	0.112487573109048
-0.988438992246760	0.0440312685645903
-0.863096454951525	-0.00370991249208263
-0.944979981319266	0.0873295558840832
-1.10022748548646	-0.0699474360363653
-0.966537062701480	0.00358721278806361
-0.979148467738017	0.00611499845201457
-1.01675535475970	-0.0232464954103446
-1.00521032167428	0.0292932364414481
-1.07150228137455	0.0343305859277283
-1.01530967087798	0.142176729611636
-1.04406968399299	0.211415462327269
-1.00295527672388	0.0338677457863073
-1.08115112233073	0.0275849665281368
-1.06644299372288	0.0294447352250765
-1.01781709975586	0.0850894748679193
-1.04304777142232	0.122933135154303
-1.02438102887680	-0.0296316589981875
-1.01564363658304	-0.129248503241500
-0.975234478796793	0.00293860800056542
0.0697422594496827	0.387201029518466
-0.0658843436768940	0.493774791338749
0.0160255356680494	0.471637653491123
0.0559061084952901	0.497806754134424
-0.111444385269982	0.476051544275879
-0.0305514578554185	0.327224256859213
0.0259125354432564	0.503553136993114
-0.000574694181818143	0.420042212069688
-0.0706564791836804	0.372157044568532
0.0248058557452378	0.464334998839166
-0.0640766474326685	0.257600122644601
0.0549819779012547	0.334741004990634
-0.0341764315909347	0.402683072296735
-0.0105687633854879	0.472306719330400
-0.0197636261908691	0.416922561621407
-0.0801498064602909	0.282883316191775
-0.0101859787766828	0.344674579349956
-0.0186789424474889	0.450068765479239
-0.00579855239326473	0.366070448248923
0.0306373557303411	0.227545555355179
-0.0501734671400650	0.465332213909940
-0.105552844819057	0.409163097336044
-0.00257538303018893	0.404682300505450
-0.0147360057489099	0.234926412503683
0.0224487873412960	0.455982426180176
0.0998196741830681	0.282376838890703
-0.0548803025435278	0.385566808362739
0.0519341370136017	0.414056687951163
0.119533959766945	0.428105978778535
0.103228031724479	0.231978631752178
0.000260803887294197	0.259275169339275
0.0130942256676581	0.285743536401015
0.0280992777314502	0.122501117902516
-0.0225042507386559	0.219333247689014
0.127209922200593	0.293801729357774
0.158698702914509	0.317641147686698
0.0368037588367804	0.300023873413074
0.0698543434077749	0.292318027533009
-0.108861040639466	0.336313408526751
0.0587807796032094	0.189831562693010
0.0437629340249003	0.272736745212542
-0.0422304417723658	0.277686005941864
0.0682042824154886	0.284179789043003
0.0398528230590675	0.201699936110001
0.0419286975998101	0.149145540625966
0.0548285371850150	0.229027961271709
0.0450198517509923	0.303858351054648
0.124358919502005	0.341139873582463
0.108885695859321	0.183812968968593
-0.0792545355012496	0.251483488195692
0.00166882047320654	0.207199133422811
0.103159050074230	0.197489793633401
0.125325744049522	0.162054331730234
0.0571979827997600	0.245109249557316
0.0373743109489135	0.0786567504743826
0.0897594388917996	0.277442171788660
0.159166857948158	0.145475490107708
0.00630850514872143	0.154954114277215
-0.000515689004002201	0.0358068063429654
0.0121327828940572	0.147458833955662
0.0634127611000835	0.202768479297703
0.137902911717671	0.161259744879729
0.156756532851017	0.0683763974593015
0.114417154591612	0.162651967345053
0.153988508312256	0.322835777348233
-0.0118176465187737	0.132910627749303
0.00406992826956266	0.126301517908245
0.0840194036120009	0.184880592013074
0.124677928788053	0.125666181359561
0.0400069086855388	0.0989373624438758
-0.000320962384344314	0.0731721883270349
0.0727903138677857	0.172265224070476
0.0721104913015404	-0.0112302114637402
0.182358863134122	-0.0658551773523844
0.0221457438880326	0.0990154328987467
0.0261355700266815	0.0891357619717076
0.218624363196138	-0.0105606136406922
0.117938023413128	-0.0529289899292479
0.239131842904393	-0.0229306899193725
0.163944414039065	0.0598007185311974
0.0473914714316333	-0.0134944734784328
0.145879140695512	-0.0347898068194399
0.0477488492967394	4.83427694268615e-05
0.105704500173353	0.0609675838859607
0.0367296724802659	-0.0461846083384710
-0.0284971342494736	-0.0122327579605403
0.177008639411326	0.0500628791588886
0.198799107352326	0.0265262615197774
0.145114611015549	0.0574053579952727
0.223216427153284	-0.0905537727499865
0.237124408941967	-0.209570819270680
0.127132750070444	0.0327425431210214
0.155909372049304	-0.133804812956640
0.244079109499238	0.0838030902291495
0.0488891152972663	-0.0182456555602137
0.183872670500146	-0.128302409730532
0.167368815923423	-0.194012476914352
0.145028873277898	0.00581005829721322
0.197452589901542	0.00198931734706057
0.202975335109786	-0.0428820107249109
0.0986337786496594	-0.175109726344237
0.181489054683124	-0.151359168033618
0.288127555744717	-0.0532715998080325
0.196456601513799	-0.00393579198451062
0.263801058602237	-0.0814588736482621
0.221352928042793	-0.0940445746671381
0.184024850904587	-0.0861521258548687
0.295356908028999	-0.00881171763316786
0.195074966679633	-0.106426098116689
0.222017990742360	-0.136127016980237
0.275253284808850	-0.170514624818586
0.0528118240786130	-0.108262861442368
0.118408272082339	-0.142147331766906
0.152760757046977	-0.190509477422844
0.230292307822847	-0.185045415303816
0.225176389600631	-0.236671590113264
0.248019140656329	-0.383099112265316
0.264945824504297	-0.192781454322895
0.274678614463025	-0.187810056885029
0.277769015648582	-0.266039940738096
0.305443798630337	-0.163337348386554
0.275680696534064	-0.240259681802073
0.273155363452747	-0.228047104927632
0.326148077435479	-0.156641215747518
0.309887852051238	-0.246003990194206
0.233463260340080	-0.0642117023677174
0.349270960248228	-0.325506421219593
0.324074165314397	-0.193326075500779
0.329549742243977	-0.246857606549034
0.350204208510813	-0.0943851579260566
0.351318022488642	-0.199569918519513
0.305308028435066	-0.241358742478940
0.401549162479467	-0.212126374819752
0.377459699331535	-0.212512278771750
0.363786510852478	-0.261279561340632
0.341010913126244	-0.157188064671404
0.403271857746343	-0.338086804177216
0.219994927192537	-0.230935770072283
0.349669189008354	-0.285077507990200
0.211965482852642	-0.398019144353563
0.383205825481162	-0.349823913626622
0.437126459581220	-0.233592740568766
0.346444671810823	-0.200303338589408
0.348545544679705	-0.281317066296806
0.472453364735934	-0.305043716939853
0.340966262280394	-0.356518735900428
0.394148397970219	-0.297499417517022
0.509898191886111	-0.363718056889527
0.424099635456556	-0.239427846442850
0.476017953008351	-0.298346570484759
0.468373985389782	-0.391820300314412
0.421541157231055	-0.315160466748096
0.414769093303674	-0.297886095813037
0.461525921603001	-0.354542300582316
0.360378170041556	-0.420905766217946
0.445861071024687	-0.251117530752654
0.519963886936569	-0.380990988779143
0.516302465414912	-0.457253870261155
0.476967094778726	-0.437880915987679
0.469282372161492	-0.406031484086201
0.364354026557803	-0.461728640392421
0.449630854203632	-0.319153934711297
0.597792846992913	-0.285709958242964
0.506067491066450	-0.418803522752721
0.407099519192952	-0.280506722438729
0.395016755068974	-0.322453591911409
0.512014629457164	-0.409886038713618
0.560449238232787	-0.444354692492967
0.568144225039248	-0.461292199679765
0.493538842895660	-0.477247149485522
0.475876325945659	-0.336530042193515
0.564735954238508	-0.329884646722559
0.489791996417208	-0.338356648615122
0.633657526077669	-0.434707418329165
0.582158142392443	-0.297822252322249
0.664973207234087	-0.489982404075145
0.625084748414042	-0.324416159723671
0.551046856157375	-0.380393906221023
0.592024089057453	-0.533503250906182
0.481600939394013	-0.360516145603196
0.594073078699496	-0.372149261202219
0.559314843494065	-0.346811467206573
0.564760295826336	-0.507092699415570
0.683981693646703	-0.418311138094009
0.394036507061919	-0.368059672537258
0.620553170382512	-0.440897735780447
0.579561451184260	-0.363935324245016
0.639935549109847	-0.318776774770512
0.575185795445779	-0.376176283578153
0.534171288105571	-0.416911747163462
0.721785632759628	-0.461690366745651
0.629078947165219	-0.478023896146856
0.674490372410675	-0.442246548999667
0.697761700606706	-0.402879915424431
0.628553818436628	-0.445437211666593
0.636867666518158	-0.384006062976660
0.657888374883818	-0.489670533900577
0.684382224545959	-0.430876778518390
0.689406536811737	-0.549360972198603
0.734276804824891	-0.461526261097602
0.660831464924905	-0.415756624656165
0.707922875554542	-0.483784500207283
0.650663612530535	-0.398005616509595
0.703542098740683	-0.442155460759557
0.654564708230253	-0.576382243595616
0.807625069989778	-0.627006147367168
0.782424662376967	-0.499169253209453
0.673747485762407	-0.384992450158049
0.789207330335161	-0.424133243095227
0.570602942561742	-0.547291175073424
0.691465303616919	-0.556095376023549
0.615152232491348	-0.515872415827413
0.793568507707895	-0.568267016709511
0.818349610310304	-0.490739411310284
0.728856510400019	-0.448726914380344
0.760444043199834	-0.496933352565676
0.753885201080389	-0.346126798612374
0.854365276781282	-0.443524094419440
0.907286615577942	-0.559354834957157
0.786958718563410	-0.370644526158097
0.773400625789037	-0.673162738464933
0.776255499853717	-0.438327419346210
0.873970395229028	-0.517196121693905
0.896593377908961	-0.448349643645531
0.856331242785618	-0.606057113481989
0.826033799774164	-0.400574983748393
0.921184365650360	-0.501414358489647
0.944404543998338	-0.457845530140076
0.908196062690085	-0.450633850444730
0.924619545280430	-0.510913048068575
1.03414658463835	-0.470106470055359
0.918989101455440	-0.425334120936585
0.856118991971886	-0.527917188463844
0.781382483799609	-0.420589899969303
0.947553800362795	-0.436479270515253
0.965180307594540	-0.482522888447605
0.885406539440347	-0.345657566298673
0.958836323689284	-0.477252861616688
0.892242005663586	-0.510106818347375
0.892025421159416	-0.464620169795797
0.937030635074663	-0.589773104320894
0.971888800692050	-0.331781415846622
0.913064584693118	-0.494121152569647
1.05656119278180	-0.541796462562154
0.972993059637644	-0.574369752133144
0.886219003311417	-0.570043990326271
1.01989276858250	-0.486160533449744
0.929481301919607	-0.409290497165509
0.973819555344564	-0.421859863049972
1.03782699869585	-0.473567334211641
0.917762824294824	-0.513704077396858
0.907999769120761	-0.548392241656959
0.876514705300677	-0.476694802147915
1.03221043125478	-0.361661487841891
1.02101801225582	-0.469862074865975
1.01979921509231	-0.525354777177255
0.897175552877995	-0.457600651671944
1.03280735882698	-0.586272206247682
1.11576324192716	-0.606608411117293
1.04760947130242	-0.552810266156579
1.08421562090592	-0.467576800414137
1.00011147472659	-0.399835671360551
1.19250083642979	-0.410807237372750
1.03685851705568	-0.604739651252819
1.15049128660433	-0.443542923139866
1.11530735164351	-0.508486952965559
1.04830434885845	-0.446890720816668
1.12014009695033	-0.408673656484550
1.13314164225736	-0.527198498644037
1.12470040441769	-0.436256064959055
1.09359007430230	-0.492367545770126
1.20589666200444	-0.428456794442019
1.07081265381018	-0.532578204431625
1.21630030398984	-0.537359201388932
1.00172462410452	-0.486294488140196
1.24087530377678	-0.485473560711827
1.19099872435915	-0.455714739268759
1.08246612199453	-0.386160520372400
1.15262149355960	-0.495517465015119
1.30036187154757	-0.439935938957483
0.997275472934719	-0.521230575240994
1.09328352124564	-0.500124799377489
1.24085046288672	-0.429159773550129
1.25328398718998	-0.485725841624023
1.19433234379160	-0.538525444992191
1.14817410129974	-0.333575946682182
1.13253982726476	-0.368457706447404
1.38457012652859	-0.458598401153667
1.31157436702081	-0.622064205825834
1.27486109450252	-0.486335991872943
1.24402017848839	-0.568504279338395
1.15702719129921	-0.494414875470596
1.33813634697411	-0.499263548433123
1.26982027372188	-0.398646552593617
1.15781044958311	-0.468801085213573
1.19552628986719	-0.583310391264297
1.27569097224363	-0.449394185911187
1.32981694513285	-0.418862558050492
1.31801388690359	-0.502914123238904
1.32149175510005	-0.574170191638561
1.29788412904652	-0.450651001901323
1.37902138452928	-0.349078474063549
1.28329797556847	-0.364504931147058
1.32714443684411	-0.509082806884819
1.34627026709497	-0.524112740512422
1.42509384223927	-0.486347192202270
1.46546357562201	-0.494857701176447
1.31516337426826	-0.379964949408018
1.31710206756662	-0.479700525147749
1.49711956222738	-0.284084086706902
1.34445441294036	-0.336413494548224
1.45871648788569	-0.399458612454153
1.42500057408962	-0.572340266700421
1.50175840028311	-0.389697580129907
1.30891419733850	-0.413505704700550
1.41886774792822	-0.419360122641503
1.35802269835530	-0.456772856133566
1.35267091987669	-0.413833703407549
1.43045651216031	-0.489499407301153
1.28529551600353	-0.557919794351623
1.45645418665488	-0.398253871020714
1.59161928319146	-0.343243693909874
1.47327513821913	-0.404487174658105
1.52741408103680	-0.295190373075890
1.38178242989991	-0.363043222807957
1.38780830153916	-0.402526419522015
1.57999966521368	-0.443914229988353
1.56656571144746	-0.353207253712960
1.56143081489564	-0.292160618960439
1.47072598586275	-0.390446444549579
1.51100557654818	-0.326671749216205
1.50266592890674	-0.425194096601436
1.40560744283392	-0.310754854873140
1.47690289007638	-0.423017366472366
1.50314634670132	-0.369632975731190
1.47070000622537	-0.382931191578276
1.58435300715983	-0.419820119842048
1.45750589124770	-0.281063576885387
1.54528206268780	-0.423295593553021
1.52476576283372	-0.360895090710727
1.60179153728445	-0.221414625544151
1.62782045793034	-0.487888954744437
1.59374710701461	-0.337674756424796
1.43106609174255	-0.320729651123648
1.63608497993698	-0.376828020291489
1.59891718471751	-0.265332678494148
1.65708531798721	-0.321214692143495
1.46563827278893	-0.361687779334407
1.58272123505293	-0.196913271349233
1.55561966368273	-0.273403154200247
1.59188298527339	-0.372300874547735
1.72972791082455	-0.350857054112300
1.46780016718492	-0.451042244715827
1.66179880636484	-0.338370365988623
1.64701693230795	-0.227732401984260
1.60882661398300	-0.252336512695288
1.62799448386672	-0.309195743104713
1.67700490084945	-0.230418398893041
1.60468475068290	-0.162242120781419
1.57321921092672	-0.149009821215213
1.66817625091867	-0.195707603065372
1.67420298077865	-0.307780908509677
1.59456809847787	-0.284721321006036
1.52627419390328	-0.0886804242857012
1.75772437447773	-0.317619307795652
1.66202747464584	-0.219748114862399
1.73047552929538	-0.266033179515115
1.66133160312060	-0.140179703085554
1.72116831452686	-0.180486359594247
1.75087233011849	-0.240459790892723
1.67550993733051	-0.287590700231036
1.64081394049874	-0.264244821498862
1.68519187287562	-0.216079755348579
1.71915539918114	-0.360107070105216
1.72964186113124	-0.249951404162822
1.62132042807714	-0.260764817126884
1.75887229813398	-0.268889396091572
1.66045682253667	-0.0601606781518978
1.78325525010960	-0.0545821766604586
1.64567877236858	-0.266084753106980
1.84490379111603	-0.155464771735901
1.72892020403492	-0.193790358229808
1.74921581129479	-0.0824480288975386
1.77987700541396	-0.111537893594107
1.78559645359262	-0.0588201488648956
1.74368280827400	-0.147530704647351
1.75192794045052	-0.104621135283615
1.79036353124483	-0.0853723396216133
1.80388651316140	-0.188249792311348
1.77233510851784	-0.230017006071497
1.66134644344102	-0.273294452307601
1.73363365556805	-0.0360484763466591
1.67673061424939	-0.143378273077037
1.72276706954043	0.0258014016641375
1.84002913694508	-0.191546824812203
1.76828151631960	-0.117808402579547
1.88426412264798	-0.0215107096313685
1.93168135215589	-0.0837311007507730
1.80580700756444	-0.192590026303743
1.81358577064759	-0.128430772702474
1.76393604539590	-0.115315385951321
1.86650897650359	-0.132066145115673
1.77277548116800	-0.127665437098709
1.81869322958430	-0.0297756650957278
1.83262325549354	0.0591552557430979
1.78764667618167	-0.0746741801861923
1.87620983383238	-0.0688737297740777
1.81994340762589	-0.0815663196020015
1.79806081741684	-0.100751991935823
1.83250910466859	-0.0687295122864843
1.90888458376560	-0.0485621698920867
1.95060147744093	-0.0439357698871016
1.85668207307128	-0.0390440258857607
1.81817527823003	-0.143546292766871
1.84862666030852	-0.0530210673332145
1.90073729100194	0.0442380395276364
1.82115009717638	-0.0787364150320462
1.97777272729872	0.0773016877469664
1.79470338710853	-0.00163918146010759
1.72819669682803	0.127800781665455
1.86648247425491	0.0684968242673700
1.83064057763235	0.0937402027894897
1.89163286760780	0.0781768442509317
1.69872170688939	-0.122149851371938
1.85061218875489	0.114164059073154
1.92865170083236	-0.00962436205624634
1.85590770168453	0.0622728254507371
1.75195404883175	0.0981634749166099
1.92945617845757	-0.0155205584338814
1.95837051923291	0.0721895435271705
1.94369346338764	-0.0769352309806762
1.94037729946994	0.0535758345955580
1.77598143092035	-0.00398771669712751
1.89459741576726	0.0678863999181731
1.94154090231044	0.158601871621567
1.89520710923370	0.157387694020410
1.99527527464474	0.125710721321834
2.01961103882916	0.0585597298875256
1.89040592241272	0.103320722009255
1.81290914158690	0.0596262315851354
2.00846276243596	0.0852299434665609
1.86991769779678	0.203729936990354
1.81095346682671	0.152825776665218
1.81721038560160	0.101865413041653
2.08575860357388	0.136133815606015
1.86850716020809	0.0918349828078083
1.89468476132734	0.249071004669616
1.85316778401626	0.246807283199059
1.91043787377787	0.200378147320655
2.00933555964959	0.0953907474578423
1.98881125265780	0.00606014793196913
1.85478529391025	0.0935067272868964
1.82144959869420	0.301871401473056
1.94733776436478	0.250930997341749
1.98990702992307	0.120684525377180
1.90479884400497	0.214086469539521
1.90988639861680	0.0693389766485093
2.09090007282803	0.256451763466790
1.81284726815514	0.192970202474105
2.06079358714849	0.183759713496467
1.94252507286354	0.295803509226392
2.05439031466105	0.224327643910852
2.10159810126667	0.293381042254718
1.94348717501475	0.260251698326520
2.01749068635848	0.279733221380660
2.06705840158852	0.228707163409874
1.94951957681709	0.392331086970082
2.07365973711854	0.375895395429616
2.00626757224837	0.326935594866794
1.98202303495503	0.267758385416169
1.92985324420914	0.194275370803601
2.05140578738769	0.474905624196429
2.10243042042311	0.266943101228249
1.96910259929998	0.349177388639481
1.96171575404513	0.200754584558044
1.95676416958689	0.436261458505744
1.93726733726226	0.351795085579868
1.90897023194526	0.409848046183756
1.99387813767747	0.366872366037859
1.82041395429496	0.394481702819836
2.02174612846734	0.362197363401442
2.02117259371521	0.436301132726290
1.94248126608017	0.346658464535548
2.17926486867191	0.321654356248243
1.93748542713395	0.341138018300588
2.00364924272230	0.514902973419937
1.88028596702929	0.551031896636606
1.86283193849191	0.359296969375555
1.98333951545700	0.365438695824776
2.11325583889931	0.569055513624809
1.94905560129022	0.482371459683416
1.96627593258459	0.544917721917001
2.04330489022667	0.464317755196097
1.96376240417208	0.498681276523919
2.08311030244563	0.449639424444076
2.01938588814292	0.483525687523330
2.09574191926831	0.439864459241176
1.96640326605759	0.502397303739521
1.92799686536805	0.684743610274759
1.85087426927811	0.363675272852347
2.01275788340344	0.385053666657055